8, 8, 1, -15.8571
8, 8, 5, 16.1204
8, 8, 10, -18.1512
8, 8, 20, -37.4592
8, 8, 30, -49.2651
8, 8, 50, 31.1188
8, 8, 60, 42.5321
8, 8, 70, 14.1273
10, 10, 1, -49.3636
10, 10, 5, -42.0727
10, 10, 10, -4.36275
10, 10, 20, 40.8447
10, 10, 30, -12.8
10, 10, 50, 64.7938
10, 10, 60, -12.7475
10, 10, 70, -9.55208
20, 20, 1, 27.0638
20, 20, 5, 13.2111
20, 20, 10, 1.80909
20, 20, 20, -7.16832
20, 20, 30, 32.8081
20, 20, 50, -6.03333
20, 20, 60, 1.61017
20, 20, 70, 0.469388
50, 50, 1, 2.14235
50, 50, 5, -7.347
50, 50, 10, 8.94463
50, 50, 20, -15.2695
50, 50, 30, 4.3588
50, 50, 50, 9.09355
50, 50, 60, -0.749186
50, 50, 70, 9.10847
